(kicad_pcb (version 20171130) (host pcbnew 5.0.2+dfsg1-1)

  (general
    (thickness 1.6)
    (drawings 17)
    (tracks 248)
    (zones 0)
    (modules 26)
    (nets 60)
  )

  (page A4)
  (title_block
    (title Smalliermouse)
    (date 2019-11-28)
    (rev 1.0)
    (company https://github.com/dh219)
    (comment 1 "(c) 2017 Simon Inns; modified 2019 by D Henderson")
    (comment 2 "License: Attribution-ShareAlike 4.0 International (CC BY-SA 4.0)")
  )

  (layers
    (0 F.Cu signal)
    (31 B.Cu signal)
    (32 B.Adhes user hide)
    (33 F.Adhes user hide)
    (34 B.Paste user hide)
    (35 F.Paste user hide)
    (36 B.SilkS user)
    (37 F.SilkS user)
    (38 B.Mask user)
    (39 F.Mask user)
    (40 Dwgs.User user hide)
    (41 Cmts.User user hide)
    (42 Eco1.User user)
    (43 Eco2.User user)
    (44 Edge.Cuts user)
    (45 Margin user)
    (46 B.CrtYd user hide)
    (47 F.CrtYd user hide)
    (48 B.Fab user hide)
    (49 F.Fab user hide)
  )

  (setup
    (last_trace_width 0.16)
    (user_trace_width 0.16)
    (user_trace_width 0.254)
    (user_trace_width 0.32)
    (trace_clearance 0.16)
    (zone_clearance 0.254)
    (zone_45_only no)
    (trace_min 0.16)
    (segment_width 0.2)
    (edge_width 0.1)
    (via_size 0.6)
    (via_drill 0.4)
    (via_min_size 0.4)
    (via_min_drill 0.3)
    (uvia_size 0.3)
    (uvia_drill 0.1)
    (uvias_allowed no)
    (uvia_min_size 0.2)
    (uvia_min_drill 0.1)
    (pcb_text_width 0.3)
    (pcb_text_size 1.5 1.5)
    (mod_edge_width 0.15)
    (mod_text_size 1 1)
    (mod_text_width 0.15)
    (pad_size 1.5 1.5)
    (pad_drill 0.6)
    (pad_to_mask_clearance 0)
    (solder_mask_min_width 0.25)
    (aux_axis_origin 0 0)
    (grid_origin 127 127)
    (visible_elements 7FFFFFFF)
    (pcbplotparams
      (layerselection 0x010f0_80000001)
      (usegerberextensions false)
      (usegerberattributes false)
      (usegerberadvancedattributes false)
      (creategerberjobfile false)
      (excludeedgelayer true)
      (linewidth 0.100000)
      (plotframeref false)
      (viasonmask false)
      (mode 1)
      (useauxorigin false)
      (hpglpennumber 1)
      (hpglpenspeed 20)
      (hpglpendiameter 15.000000)
      (psnegative false)
      (psa4output false)
      (plotreference true)
      (plotvalue true)
      (plotinvisibletext false)
      (padsonsilk false)
      (subtractmaskfromsilk false)
      (outputformat 4)
      (mirror false)
      (drillshape 0)
      (scaleselection 1)
      (outputdirectory "PDF/"))
  )

  (net 0 "")
  (net 1 "Net-(C1-Pad1)")
  (net 2 GND)
  (net 3 "Net-(C2-Pad1)")
  (net 4 "Net-(C3-Pad1)")
  (net 5 "Net-(C4-Pad1)")
  (net 6 +5V)
  (net 7 "Net-(IC1-Pad1)")
  (net 8 "Net-(IC1-Pad2)")
  (net 9 "Net-(IC1-Pad4)")
  (net 10 "Net-(IC1-Pad5)")
  (net 11 "Net-(IC1-Pad9)")
  (net 12 "Net-(IC1-Pad10)")
  (net 13 "Net-(IC1-Pad11)")
  (net 14 "Net-(IC1-Pad12)")
  (net 15 "Net-(IC1-Pad13)")
  (net 16 "Net-(IC1-Pad14)")
  (net 17 "Net-(IC1-Pad15)")
  (net 18 "Net-(IC1-Pad16)")
  (net 19 "Net-(IC1-Pad17)")
  (net 20 "Net-(IC1-Pad18)")
  (net 21 "Net-(IC1-Pad19)")
  (net 22 "Net-(IC1-Pad20)")
  (net 23 "Net-(IC1-Pad25)")
  (net 24 "Net-(IC1-Pad26)")
  (net 25 "Net-(IC1-Pad27)")
  (net 26 "Net-(IC1-Pad28)")
  (net 27 "Net-(IC1-Pad29)")
  (net 28 "Net-(IC1-Pad30)")
  (net 29 "Net-(IC1-Pad31)")
  (net 30 "Net-(IC1-Pad32)")
  (net 31 "Net-(IC1-Pad33)")
  (net 32 "Net-(IC1-Pad34)")
  (net 33 X1)
  (net 34 Y1)
  (net 35 X2)
  (net 36 Y2)
  (net 37 L_Button)
  (net 38 M_Button)
  (net 39 R_Button)
  (net 40 "Net-(IC1-Pad42)")
  (net 41 "Net-(IC1-Pad43)")
  (net 42 "Net-(IC1-Pad44)")
  (net 43 "Net-(IC1-Pad45)")
  (net 44 "Net-(IC1-Pad46)")
  (net 45 "Net-(IC1-Pad47)")
  (net 46 "Net-(IC1-Pad48)")
  (net 47 "Net-(IC1-Pad49)")
  (net 48 "Net-(IC1-Pad50)")
  (net 49 "Net-(IC1-Pad51)")
  (net 50 "Net-(IC1-Pad54)")
  (net 51 "Net-(IC1-Pad55)")
  (net 52 "Net-(IC1-Pad56)")
  (net 53 "Net-(IC1-Pad57)")
  (net 54 "Net-(IC1-Pad58)")
  (net 55 "Net-(IC1-Pad59)")
  (net 56 "Net-(IC1-Pad60)")
  (net 57 "Net-(IC1-Pad61)")
  (net 58 "Net-(P1-Pad3)")
  (net 59 "Net-(P1-Pad2)")

  (net_class Default "This is the default net class."
    (clearance 0.16)
    (trace_width 0.16)
    (via_dia 0.6)
    (via_drill 0.4)
    (uvia_dia 0.3)
    (uvia_drill 0.1)
    (add_net GND)
    (add_net L_Button)
    (add_net M_Button)
    (add_net "Net-(C1-Pad1)")
    (add_net "Net-(C2-Pad1)")
    (add_net "Net-(C3-Pad1)")
    (add_net "Net-(C4-Pad1)")
    (add_net "Net-(IC1-Pad1)")
    (add_net "Net-(IC1-Pad10)")
    (add_net "Net-(IC1-Pad11)")
    (add_net "Net-(IC1-Pad12)")
    (add_net "Net-(IC1-Pad13)")
    (add_net "Net-(IC1-Pad14)")
    (add_net "Net-(IC1-Pad15)")
    (add_net "Net-(IC1-Pad16)")
    (add_net "Net-(IC1-Pad17)")
    (add_net "Net-(IC1-Pad18)")
    (add_net "Net-(IC1-Pad19)")
    (add_net "Net-(IC1-Pad2)")
    (add_net "Net-(IC1-Pad20)")
    (add_net "Net-(IC1-Pad25)")
    (add_net "Net-(IC1-Pad26)")
    (add_net "Net-(IC1-Pad27)")
    (add_net "Net-(IC1-Pad28)")
    (add_net "Net-(IC1-Pad29)")
    (add_net "Net-(IC1-Pad30)")
    (add_net "Net-(IC1-Pad31)")
    (add_net "Net-(IC1-Pad32)")
    (add_net "Net-(IC1-Pad33)")
    (add_net "Net-(IC1-Pad34)")
    (add_net "Net-(IC1-Pad4)")
    (add_net "Net-(IC1-Pad42)")
    (add_net "Net-(IC1-Pad43)")
    (add_net "Net-(IC1-Pad44)")
    (add_net "Net-(IC1-Pad45)")
    (add_net "Net-(IC1-Pad46)")
    (add_net "Net-(IC1-Pad47)")
    (add_net "Net-(IC1-Pad48)")
    (add_net "Net-(IC1-Pad49)")
    (add_net "Net-(IC1-Pad5)")
    (add_net "Net-(IC1-Pad50)")
    (add_net "Net-(IC1-Pad51)")
    (add_net "Net-(IC1-Pad54)")
    (add_net "Net-(IC1-Pad55)")
    (add_net "Net-(IC1-Pad56)")
    (add_net "Net-(IC1-Pad57)")
    (add_net "Net-(IC1-Pad58)")
    (add_net "Net-(IC1-Pad59)")
    (add_net "Net-(IC1-Pad60)")
    (add_net "Net-(IC1-Pad61)")
    (add_net "Net-(IC1-Pad9)")
    (add_net "Net-(P1-Pad2)")
    (add_net "Net-(P1-Pad3)")
    (add_net R_Button)
    (add_net X1)
    (add_net X2)
    (add_net Y1)
    (add_net Y2)
  )

  (net_class Power ""
    (clearance 0.16)
    (trace_width 0.254)
    (via_dia 0.6)
    (via_drill 0.4)
    (uvia_dia 0.3)
    (uvia_drill 0.1)
    (add_net +5V)
  )

  (module Connector_USB:Amphenol_87583-2010BLF (layer F.Cu) (tedit 5DC6E766) (tstamp 5DDFD65F)
    (at 160.02 85.09 90)
    (tags "USB A socket")
    (path /58A4E3C4)
    (fp_text reference P1 (at -7.31 -2.44 90) (layer F.SilkS)
      (effects (font (size 1 1) (thickness 0.15)))
    )
    (fp_text value USB_A (at 0 8 270) (layer F.Fab)
      (effects (font (size 1 1) (thickness 0.15)))
    )
    (fp_line (start -6.57 12.84) (end 6.57 12.84) (layer F.SilkS) (width 0.15))
    (fp_line (start -7 12.84) (end 7 12.84) (layer F.SilkS) (width 0.15))
    (fp_text user "USB A - Socket" (at 0 4.445 90) (layer F.SilkS)
      (effects (font (size 1 1) (thickness 0.15)))
    )
    (fp_line (start -6.57 -1.07) (end -4.2705 -1.07) (layer F.SilkS) (width 0.15))
    (fp_line (start 6.57 -1.07) (end 4.2705 -1.07) (layer F.SilkS) (width 0.15))
    (fp_line (start 8.636 12.954) (end -8.382 12.954) (layer F.CrtYd) (width 0.15))
    (fp_line (start 8.636 -3.302) (end 8.636 12.954) (layer F.CrtYd) (width 0.15))
    (fp_line (start -8.382 -3.302) (end 8.636 -3.302) (layer F.CrtYd) (width 0.15))
    (fp_line (start -8.382 12.954) (end -8.382 -3.302) (layer F.CrtYd) (width 0.15))
    (fp_line (start -6.5532 -1.0668) (end -6.5532 0.3556) (layer F.SilkS) (width 0.15))
    (fp_line (start 6.5532 -1.0668) (end 6.5532 0.3556) (layer F.SilkS) (width 0.15))
    (fp_line (start -6.604 3.81) (end -6.604 12.8016) (layer F.SilkS) (width 0.15))
    (fp_line (start 6.5532 3.81) (end 6.5532 12.8016) (layer F.SilkS) (width 0.15))
    (fp_text user %R (at -6 0 180) (layer F.Fab)
      (effects (font (size 1 1) (thickness 0.15)))
    )
    (fp_text user "PCB Edge" (at -6.12 7.46 270) (layer Dwgs.User)
      (effects (font (size 0.6 0.6) (thickness 0.09)))
    )
    (pad 5 thru_hole circle (at -6.57 2.14 90) (size 3 3) (drill 2.3) (layers *.Cu *.Mask)
      (net 2 GND))
    (pad 1 smd rect (at -3.5 -1.5 90) (size 1.12 2.88) (layers F.Cu F.Paste F.Mask)
      (net 6 +5V))
    (pad 2 smd rect (at -1 -1.5 90) (size 1.12 2.88) (layers F.Cu F.Paste F.Mask)
      (net 59 "Net-(P1-Pad2)"))
    (pad 3 smd rect (at 1 -1.5 90) (size 1.12 2.88) (layers F.Cu F.Paste F.Mask)
      (net 58 "Net-(P1-Pad3)"))
    (pad 4 smd rect (at 3.5 -1.5 90) (size 1.12 2.88) (layers F.Cu F.Paste F.Mask)
      (net 2 GND))
    (pad 5 thru_hole circle (at 6.57 2.14 90) (size 3 3) (drill 2.3) (layers *.Cu *.Mask)
      (net 2 GND))
  )

  (module Capacitor_SMD:C_0805_2012Metric_Pad1.15x1.40mm_HandSolder (layer F.Cu) (tedit 5B36C52B) (tstamp 5DDFD69F)
    (at 153.72 91.96)
    (descr "Capacitor SMD 0805 (2012 Metric), square (rectangular) end terminal, IPC_7351 nominal with elongated pad for handsoldering. (Body size source: https://docs.google.com/spreadsheets/d/1BsfQQcO9C6DZCsRaXUlFlo91Tg2WpOkGARC1WS5S8t0/edit?usp=sharing), generated with kicad-footprint-generator")
    (tags "capacitor handsolder")
    (path /58A4FA4D)
    (attr smd)
    (fp_text reference C2 (at 0 -1.65) (layer F.SilkS)
      (effects (font (size 1 1) (thickness 0.15)))
    )
    (fp_text value 22pF (at 0 1.65) (layer F.Fab)
      (effects (font (size 1 1) (thickness 0.15)))
    )
    (fp_text user %R (at 0 0) (layer F.Fab)
      (effects (font (size 0.5 0.5) (thickness 0.08)))
    )
    (fp_line (start 1.85 0.95) (end -1.85 0.95) (layer F.CrtYd) (width 0.05))
    (fp_line (start 1.85 -0.95) (end 1.85 0.95) (layer F.CrtYd) (width 0.05))
    (fp_line (start -1.85 -0.95) (end 1.85 -0.95) (layer F.CrtYd) (width 0.05))
    (fp_line (start -1.85 0.95) (end -1.85 -0.95) (layer F.CrtYd) (width 0.05))
    (fp_line (start -0.261252 0.71) (end 0.261252 0.71) (layer F.SilkS) (width 0.12))
    (fp_line (start -0.261252 -0.71) (end 0.261252 -0.71) (layer F.SilkS) (width 0.12))
    (fp_line (start 1 0.6) (end -1 0.6) (layer F.Fab) (width 0.1))
    (fp_line (start 1 -0.6) (end 1 0.6) (layer F.Fab) (width 0.1))
    (fp_line (start -1 -0.6) (end 1 -0.6) (layer F.Fab) (width 0.1))
    (fp_line (start -1 0.6) (end -1 -0.6) (layer F.Fab) (width 0.1))
    (pad 2 smd roundrect (at 1.025 0) (size 1.15 1.4) (layers F.Cu F.Paste F.Mask) (roundrect_rratio 0.217391)
      (net 2 GND))
    (pad 1 smd roundrect (at -1.025 0) (size 1.15 1.4) (layers F.Cu F.Paste F.Mask) (roundrect_rratio 0.217391)
      (net 3 "Net-(C2-Pad1)"))
    (model ${KISYS3DMOD}/Capacitor_SMD.3dshapes/C_0805_2012Metric.wrl
      (at (xyz 0 0 0))
      (scale (xyz 1 1 1))
      (rotate (xyz 0 0 0))
    )
  )

  (module Package_QFP:TQFP-64_14x14mm_P0.8mm (layer B.Cu) (tedit 5A02F146) (tstamp 5DDFD733)
    (at 151.73 82.842 180)
    (descr "64-Lead Plastic Thin Quad Flatpack (PF) - 14x14x1 mm Body, 2.00 mm [TQFP] (see Microchip Packaging Specification 00000049BS.pdf)")
    (tags "QFP 0.8")
    (path /58A4E37E)
    (attr smd)
    (fp_text reference IC1 (at 0 9.45) (layer B.SilkS)
      (effects (font (size 1 1) (thickness 0.15)) (justify mirror))
    )
    (fp_text value AT90USB1287 (at 0 -9.45) (layer B.Fab)
      (effects (font (size 1 1) (thickness 0.15)) (justify mirror))
    )
    (fp_text user %R (at 0 0) (layer B.Fab)
      (effects (font (size 1 1) (thickness 0.15)) (justify mirror))
    )
    (fp_line (start -6 7) (end 7 7) (layer B.Fab) (width 0.15))
    (fp_line (start 7 7) (end 7 -7) (layer B.Fab) (width 0.15))
    (fp_line (start 7 -7) (end -7 -7) (layer B.Fab) (width 0.15))
    (fp_line (start -7 -7) (end -7 6) (layer B.Fab) (width 0.15))
    (fp_line (start -7 6) (end -6 7) (layer B.Fab) (width 0.15))
    (fp_line (start -8.7 8.7) (end -8.7 -8.7) (layer B.CrtYd) (width 0.05))
    (fp_line (start 8.7 8.7) (end 8.7 -8.7) (layer B.CrtYd) (width 0.05))
    (fp_line (start -8.7 8.7) (end 8.7 8.7) (layer B.CrtYd) (width 0.05))
    (fp_line (start -8.7 -8.7) (end 8.7 -8.7) (layer B.CrtYd) (width 0.05))
    (fp_line (start -7.175 7.175) (end -7.175 6.6) (layer B.SilkS) (width 0.15))
    (fp_line (start 7.175 7.175) (end 7.175 6.5) (layer B.SilkS) (width 0.15))
    (fp_line (start 7.175 -7.175) (end 7.175 -6.5) (layer B.SilkS) (width 0.15))
    (fp_line (start -7.175 -7.175) (end -7.175 -6.5) (layer B.SilkS) (width 0.15))
    (fp_line (start -7.175 7.175) (end -6.5 7.175) (layer B.SilkS) (width 0.15))
    (fp_line (start -7.175 -7.175) (end -6.5 -7.175) (layer B.SilkS) (width 0.15))
    (fp_line (start 7.175 -7.175) (end 6.5 -7.175) (layer B.SilkS) (width 0.15))
    (fp_line (start 7.175 7.175) (end 6.5 7.175) (layer B.SilkS) (width 0.15))
    (fp_line (start -7.175 6.6) (end -8.45 6.6) (layer B.SilkS) (width 0.15))
    (pad 1 smd rect (at -7.7 6 180) (size 1.5 0.55) (layers B.Cu B.Paste B.Mask)
      (net 7 "Net-(IC1-Pad1)"))
    (pad 2 smd rect (at -7.7 5.2 180) (size 1.5 0.55) (layers B.Cu B.Paste B.Mask)
      (net 8 "Net-(IC1-Pad2)"))
    (pad 3 smd rect (at -7.7 4.4 180) (size 1.5 0.55) (layers B.Cu B.Paste B.Mask)
      (net 6 +5V))
    (pad 4 smd rect (at -7.7 3.6 180) (size 1.5 0.55) (layers B.Cu B.Paste B.Mask)
      (net 9 "Net-(IC1-Pad4)"))
    (pad 5 smd rect (at -7.7 2.8 180) (size 1.5 0.55) (layers B.Cu B.Paste B.Mask)
      (net 10 "Net-(IC1-Pad5)"))
    (pad 6 smd rect (at -7.7 2 180) (size 1.5 0.55) (layers B.Cu B.Paste B.Mask)
      (net 2 GND))
    (pad 7 smd rect (at -7.7 1.2 180) (size 1.5 0.55) (layers B.Cu B.Paste B.Mask)
      (net 5 "Net-(C4-Pad1)"))
    (pad 8 smd rect (at -7.7 0.4 180) (size 1.5 0.55) (layers B.Cu B.Paste B.Mask)
      (net 6 +5V))
    (pad 9 smd rect (at -7.7 -0.4 180) (size 1.5 0.55) (layers B.Cu B.Paste B.Mask)
      (net 11 "Net-(IC1-Pad9)"))
    (pad 10 smd rect (at -7.7 -1.2 180) (size 1.5 0.55) (layers B.Cu B.Paste B.Mask)
      (net 12 "Net-(IC1-Pad10)"))
    (pad 11 smd rect (at -7.7 -2 180) (size 1.5 0.55) (layers B.Cu B.Paste B.Mask)
      (net 13 "Net-(IC1-Pad11)"))
    (pad 12 smd rect (at -7.7 -2.8 180) (size 1.5 0.55) (layers B.Cu B.Paste B.Mask)
      (net 14 "Net-(IC1-Pad12)"))
    (pad 13 smd rect (at -7.7 -3.6 180) (size 1.5 0.55) (layers B.Cu B.Paste B.Mask)
      (net 15 "Net-(IC1-Pad13)"))
    (pad 14 smd rect (at -7.7 -4.4 180) (size 1.5 0.55) (layers B.Cu B.Paste B.Mask)
      (net 16 "Net-(IC1-Pad14)"))
    (pad 15 smd rect (at -7.7 -5.2 180) (size 1.5 0.55) (layers B.Cu B.Paste B.Mask)
      (net 17 "Net-(IC1-Pad15)"))
    (pad 16 smd rect (at -7.7 -6 180) (size 1.5 0.55) (layers B.Cu B.Paste B.Mask)
      (net 18 "Net-(IC1-Pad16)"))
    (pad 17 smd rect (at -6 -7.7 90) (size 1.5 0.55) (layers B.Cu B.Paste B.Mask)
      (net 19 "Net-(IC1-Pad17)"))
    (pad 18 smd rect (at -5.2 -7.7 90) (size 1.5 0.55) (layers B.Cu B.Paste B.Mask)
      (net 20 "Net-(IC1-Pad18)"))
    (pad 19 smd rect (at -4.4 -7.7 90) (size 1.5 0.55) (layers B.Cu B.Paste B.Mask)
      (net 21 "Net-(IC1-Pad19)"))
    (pad 20 smd rect (at -3.6 -7.7 90) (size 1.5 0.55) (layers B.Cu B.Paste B.Mask)
      (net 22 "Net-(IC1-Pad20)"))
    (pad 21 smd rect (at -2.8 -7.7 90) (size 1.5 0.55) (layers B.Cu B.Paste B.Mask)
      (net 6 +5V))
    (pad 22 smd rect (at -2 -7.7 90) (size 1.5 0.55) (layers B.Cu B.Paste B.Mask)
      (net 2 GND))
    (pad 23 smd rect (at -1.2 -7.7 90) (size 1.5 0.55) (layers B.Cu B.Paste B.Mask)
      (net 3 "Net-(C2-Pad1)"))
    (pad 24 smd rect (at -0.4 -7.7 90) (size 1.5 0.55) (layers B.Cu B.Paste B.Mask)
      (net 1 "Net-(C1-Pad1)"))
    (pad 25 smd rect (at 0.4 -7.7 90) (size 1.5 0.55) (layers B.Cu B.Paste B.Mask)
      (net 23 "Net-(IC1-Pad25)"))
    (pad 26 smd rect (at 1.2 -7.7 90) (size 1.5 0.55) (layers B.Cu B.Paste B.Mask)
      (net 24 "Net-(IC1-Pad26)"))
    (pad 27 smd rect (at 2 -7.7 90) (size 1.5 0.55) (layers B.Cu B.Paste B.Mask)
      (net 25 "Net-(IC1-Pad27)"))
    (pad 28 smd rect (at 2.8 -7.7 90) (size 1.5 0.55) (layers B.Cu B.Paste B.Mask)
      (net 26 "Net-(IC1-Pad28)"))
    (pad 29 smd rect (at 3.6 -7.7 90) (size 1.5 0.55) (layers B.Cu B.Paste B.Mask)
      (net 27 "Net-(IC1-Pad29)"))
    (pad 30 smd rect (at 4.4 -7.7 90) (size 1.5 0.55) (layers B.Cu B.Paste B.Mask)
      (net 28 "Net-(IC1-Pad30)"))
    (pad 31 smd rect (at 5.2 -7.7 90) (size 1.5 0.55) (layers B.Cu B.Paste B.Mask)
      (net 29 "Net-(IC1-Pad31)"))
    (pad 32 smd rect (at 6 -7.7 90) (size 1.5 0.55) (layers B.Cu B.Paste B.Mask)
      (net 30 "Net-(IC1-Pad32)"))
    (pad 33 smd rect (at 7.7 -6 180) (size 1.5 0.55) (layers B.Cu B.Paste B.Mask)
      (net 31 "Net-(IC1-Pad33)"))
    (pad 34 smd rect (at 7.7 -5.2 180) (size 1.5 0.55) (layers B.Cu B.Paste B.Mask)
      (net 32 "Net-(IC1-Pad34)"))
    (pad 35 smd rect (at 7.7 -4.4 180) (size 1.5 0.55) (layers B.Cu B.Paste B.Mask)
      (net 33 X1))
    (pad 36 smd rect (at 7.7 -3.6 180) (size 1.5 0.55) (layers B.Cu B.Paste B.Mask)
      (net 34 Y1))
    (pad 37 smd rect (at 7.7 -2.8 180) (size 1.5 0.55) (layers B.Cu B.Paste B.Mask)
      (net 35 X2))
    (pad 38 smd rect (at 7.7 -2 180) (size 1.5 0.55) (layers B.Cu B.Paste B.Mask)
      (net 36 Y2))
    (pad 39 smd rect (at 7.7 -1.2 180) (size 1.5 0.55) (layers B.Cu B.Paste B.Mask)
      (net 37 L_Button))
    (pad 40 smd rect (at 7.7 -0.4 180) (size 1.5 0.55) (layers B.Cu B.Paste B.Mask)
      (net 38 M_Button))
    (pad 41 smd rect (at 7.7 0.4 180) (size 1.5 0.55) (layers B.Cu B.Paste B.Mask)
      (net 39 R_Button))
    (pad 42 smd rect (at 7.7 1.2 180) (size 1.5 0.55) (layers B.Cu B.Paste B.Mask)
      (net 40 "Net-(IC1-Pad42)"))
    (pad 43 smd rect (at 7.7 2 180) (size 1.5 0.55) (layers B.Cu B.Paste B.Mask)
      (net 41 "Net-(IC1-Pad43)"))
    (pad 44 smd rect (at 7.7 2.8 180) (size 1.5 0.55) (layers B.Cu B.Paste B.Mask)
      (net 42 "Net-(IC1-Pad44)"))
    (pad 45 smd rect (at 7.7 3.6 180) (size 1.5 0.55) (layers B.Cu B.Paste B.Mask)
      (net 43 "Net-(IC1-Pad45)"))
    (pad 46 smd rect (at 7.7 4.4 180) (size 1.5 0.55) (layers B.Cu B.Paste B.Mask)
      (net 44 "Net-(IC1-Pad46)"))
    (pad 47 smd rect (at 7.7 5.2 180) (size 1.5 0.55) (layers B.Cu B.Paste B.Mask)
      (net 45 "Net-(IC1-Pad47)"))
    (pad 48 smd rect (at 7.7 6 180) (size 1.5 0.55) (layers B.Cu B.Paste B.Mask)
      (net 46 "Net-(IC1-Pad48)"))
    (pad 49 smd rect (at 6 7.7 90) (size 1.5 0.55) (layers B.Cu B.Paste B.Mask)
      (net 47 "Net-(IC1-Pad49)"))
    (pad 50 smd rect (at 5.2 7.7 90) (size 1.5 0.55) (layers B.Cu B.Paste B.Mask)
      (net 48 "Net-(IC1-Pad50)"))
    (pad 51 smd rect (at 4.4 7.7 90) (size 1.5 0.55) (layers B.Cu B.Paste B.Mask)
      (net 49 "Net-(IC1-Pad51)"))
    (pad 52 smd rect (at 3.6 7.7 90) (size 1.5 0.55) (layers B.Cu B.Paste B.Mask)
      (net 6 +5V))
    (pad 53 smd rect (at 2.8 7.7 90) (size 1.5 0.55) (layers B.Cu B.Paste B.Mask)
      (net 2 GND))
    (pad 54 smd rect (at 2 7.7 90) (size 1.5 0.55) (layers B.Cu B.Paste B.Mask)
      (net 50 "Net-(IC1-Pad54)"))
    (pad 55 smd rect (at 1.2 7.7 90) (size 1.5 0.55) (layers B.Cu B.Paste B.Mask)
      (net 51 "Net-(IC1-Pad55)"))
    (pad 56 smd rect (at 0.4 7.7 90) (size 1.5 0.55) (layers B.Cu B.Paste B.Mask)
      (net 52 "Net-(IC1-Pad56)"))
    (pad 57 smd rect (at -0.4 7.7 90) (size 1.5 0.55) (layers B.Cu B.Paste B.Mask)
      (net 53 "Net-(IC1-Pad57)"))
    (pad 58 smd rect (at -1.2 7.7 90) (size 1.5 0.55) (layers B.Cu B.Paste B.Mask)
      (net 54 "Net-(IC1-Pad58)"))
    (pad 59 smd rect (at -2 7.7 90) (size 1.5 0.55) (layers B.Cu B.Paste B.Mask)
      (net 55 "Net-(IC1-Pad59)"))
    (pad 60 smd rect (at -2.8 7.7 90) (size 1.5 0.55) (layers B.Cu B.Paste B.Mask)
      (net 56 "Net-(IC1-Pad60)"))
    (pad 61 smd rect (at -3.6 7.7 90) (size 1.5 0.55) (layers B.Cu B.Paste B.Mask)
      (net 57 "Net-(IC1-Pad61)"))
    (pad 62 smd rect (at -4.4 7.7 90) (size 1.5 0.55) (layers B.Cu B.Paste B.Mask)
      (net 4 "Net-(C3-Pad1)"))
    (pad 63 smd rect (at -5.2 7.7 90) (size 1.5 0.55) (layers B.Cu B.Paste B.Mask)
      (net 2 GND))
    (pad 64 smd rect (at -6 7.7 90) (size 1.5 0.55) (layers B.Cu B.Paste B.Mask)
      (net 6 +5V))
    (model ${KISYS3DMOD}/Package_QFP.3dshapes/TQFP-64_14x14mm_P0.8mm.wrl
      (at (xyz 0 0 0))
      (scale (xyz 1 1 1))
      (rotate (xyz 0 0 0))
    )
  )

  (module Capacitor_SMD:C_0805_2012Metric_Pad1.15x1.40mm_HandSolder (layer F.Cu) (tedit 5B36C52B) (tstamp 5DDFD7EF)
    (at 140.92 88.44 90)
    (descr "Capacitor SMD 0805 (2012 Metric), square (rectangular) end terminal, IPC_7351 nominal with elongated pad for handsoldering. (Body size source: https://docs.google.com/spreadsheets/d/1BsfQQcO9C6DZCsRaXUlFlo91Tg2WpOkGARC1WS5S8t0/edit?usp=sharing), generated with kicad-footprint-generator")
    (tags "capacitor handsolder")
    (path /58A4F9FD)
    (attr smd)
    (fp_text reference C1 (at 0 -1.65 -90) (layer F.SilkS)
      (effects (font (size 1 1) (thickness 0.15)))
    )
    (fp_text value 22pF (at 0 1.65 -90) (layer F.Fab)
      (effects (font (size 1 1) (thickness 0.15)))
    )
    (fp_line (start -1 0.6) (end -1 -0.6) (layer F.Fab) (width 0.1))
    (fp_line (start -1 -0.6) (end 1 -0.6) (layer F.Fab) (width 0.1))
    (fp_line (start 1 -0.6) (end 1 0.6) (layer F.Fab) (width 0.1))
    (fp_line (start 1 0.6) (end -1 0.6) (layer F.Fab) (width 0.1))
    (fp_line (start -0.261252 -0.71) (end 0.261252 -0.71) (layer F.SilkS) (width 0.12))
    (fp_line (start -0.261252 0.71) (end 0.261252 0.71) (layer F.SilkS) (width 0.12))
    (fp_line (start -1.85 0.95) (end -1.85 -0.95) (layer F.CrtYd) (width 0.05))
    (fp_line (start -1.85 -0.95) (end 1.85 -0.95) (layer F.CrtYd) (width 0.05))
    (fp_line (start 1.85 -0.95) (end 1.85 0.95) (layer F.CrtYd) (width 0.05))
    (fp_line (start 1.85 0.95) (end -1.85 0.95) (layer F.CrtYd) (width 0.05))
    (fp_text user %R (at 0 0 -90) (layer F.Fab)
      (effects (font (size 0.5 0.5) (thickness 0.08)))
    )
    (pad 1 smd roundrect (at -1.025 0 90) (size 1.15 1.4) (layers F.Cu F.Paste F.Mask) (roundrect_rratio 0.217391)
      (net 1 "Net-(C1-Pad1)"))
    (pad 2 smd roundrect (at 1.025 0 90) (size 1.15 1.4) (layers F.Cu F.Paste F.Mask) (roundrect_rratio 0.217391)
      (net 2 GND))
    (model ${KISYS3DMOD}/Capacitor_SMD.3dshapes/C_0805_2012Metric.wrl
      (at (xyz 0 0 0))
      (scale (xyz 1 1 1))
      (rotate (xyz 0 0 0))
    )
  )

  (module Capacitor_SMD:C_0805_2012Metric_Pad1.15x1.40mm_HandSolder (layer F.Cu) (tedit 5B36C52B) (tstamp 5DDFDD6E)
    (at 150.622 79.248 270)
    (descr "Capacitor SMD 0805 (2012 Metric), square (rectangular) end terminal, IPC_7351 nominal with elongated pad for handsoldering. (Body size source: https://docs.google.com/spreadsheets/d/1BsfQQcO9C6DZCsRaXUlFlo91Tg2WpOkGARC1WS5S8t0/edit?usp=sharing), generated with kicad-footprint-generator")
    (tags "capacitor handsolder")
    (path /58A4F61A)
    (attr smd)
    (fp_text reference C3 (at 0 -1.65 90) (layer F.SilkS)
      (effects (font (size 1 1) (thickness 0.15)))
    )
    (fp_text value 100nF (at 0 1.65 90) (layer F.Fab)
      (effects (font (size 1 1) (thickness 0.15)))
    )
    (fp_line (start -1 0.6) (end -1 -0.6) (layer F.Fab) (width 0.1))
    (fp_line (start -1 -0.6) (end 1 -0.6) (layer F.Fab) (width 0.1))
    (fp_line (start 1 -0.6) (end 1 0.6) (layer F.Fab) (width 0.1))
    (fp_line (start 1 0.6) (end -1 0.6) (layer F.Fab) (width 0.1))
    (fp_line (start -0.261252 -0.71) (end 0.261252 -0.71) (layer F.SilkS) (width 0.12))
    (fp_line (start -0.261252 0.71) (end 0.261252 0.71) (layer F.SilkS) (width 0.12))
    (fp_line (start -1.85 0.95) (end -1.85 -0.95) (layer F.CrtYd) (width 0.05))
    (fp_line (start -1.85 -0.95) (end 1.85 -0.95) (layer F.CrtYd) (width 0.05))
    (fp_line (start 1.85 -0.95) (end 1.85 0.95) (layer F.CrtYd) (width 0.05))
    (fp_line (start 1.85 0.95) (end -1.85 0.95) (layer F.CrtYd) (width 0.05))
    (fp_text user %R (at 0 0 90) (layer F.Fab)
      (effects (font (size 0.5 0.5) (thickness 0.08)))
    )
    (pad 1 smd roundrect (at -1.025 0 270) (size 1.15 1.4) (layers F.Cu F.Paste F.Mask) (roundrect_rratio 0.217391)
      (net 4 "Net-(C3-Pad1)"))
    (pad 2 smd roundrect (at 1.025 0 270) (size 1.15 1.4) (layers F.Cu F.Paste F.Mask) (roundrect_rratio 0.217391)
      (net 2 GND))
    (model ${KISYS3DMOD}/Capacitor_SMD.3dshapes/C_0805_2012Metric.wrl
      (at (xyz 0 0 0))
      (scale (xyz 1 1 1))
      (rotate (xyz 0 0 0))
    )
  )

  (module Capacitor_SMD:C_0805_2012Metric_Pad1.15x1.40mm_HandSolder (layer F.Cu) (tedit 5B36C52B) (tstamp 5DDFDDAA)
    (at 154.686 80.264 180)
    (descr "Capacitor SMD 0805 (2012 Metric), square (rectangular) end terminal, IPC_7351 nominal with elongated pad for handsoldering. (Body size source: https://docs.google.com/spreadsheets/d/1BsfQQcO9C6DZCsRaXUlFlo91Tg2WpOkGARC1WS5S8t0/edit?usp=sharing), generated with kicad-footprint-generator")
    (tags "capacitor handsolder")
    (path /58A4F76F)
    (attr smd)
    (fp_text reference C4 (at -2.54 0) (layer F.SilkS)
      (effects (font (size 1 1) (thickness 0.15)))
    )
    (fp_text value 1uF (at 0 1.65) (layer F.Fab)
      (effects (font (size 1 1) (thickness 0.15)))
    )
    (fp_text user %R (at 0 0) (layer F.Fab)
      (effects (font (size 0.5 0.5) (thickness 0.08)))
    )
    (fp_line (start 1.85 0.95) (end -1.85 0.95) (layer F.CrtYd) (width 0.05))
    (fp_line (start 1.85 -0.95) (end 1.85 0.95) (layer F.CrtYd) (width 0.05))
    (fp_line (start -1.85 -0.95) (end 1.85 -0.95) (layer F.CrtYd) (width 0.05))
    (fp_line (start -1.85 0.95) (end -1.85 -0.95) (layer F.CrtYd) (width 0.05))
    (fp_line (start -0.261252 0.71) (end 0.261252 0.71) (layer F.SilkS) (width 0.12))
    (fp_line (start -0.261252 -0.71) (end 0.261252 -0.71) (layer F.SilkS) (width 0.12))
    (fp_line (start 1 0.6) (end -1 0.6) (layer F.Fab) (width 0.1))
    (fp_line (start 1 -0.6) (end 1 0.6) (layer F.Fab) (width 0.1))
    (fp_line (start -1 -0.6) (end 1 -0.6) (layer F.Fab) (width 0.1))
    (fp_line (start -1 0.6) (end -1 -0.6) (layer F.Fab) (width 0.1))
    (pad 2 smd roundrect (at 1.025 0 180) (size 1.15 1.4) (layers F.Cu F.Paste F.Mask) (roundrect_rratio 0.217391)
      (net 2 GND))
    (pad 1 smd roundrect (at -1.025 0 180) (size 1.15 1.4) (layers F.Cu F.Paste F.Mask) (roundrect_rratio 0.217391)
      (net 5 "Net-(C4-Pad1)"))
    (model ${KISYS3DMOD}/Capacitor_SMD.3dshapes/C_0805_2012Metric.wrl
      (at (xyz 0 0 0))
      (scale (xyz 1 1 1))
      (rotate (xyz 0 0 0))
    )
  )

  (module Capacitor_SMD:C_0805_2012Metric_Pad1.15x1.40mm_HandSolder (layer F.Cu) (tedit 5B36C52B) (tstamp 5DDFDDDA)
    (at 148.336 79.248 90)
    (descr "Capacitor SMD 0805 (2012 Metric), square (rectangular) end terminal, IPC_7351 nominal with elongated pad for handsoldering. (Body size source: https://docs.google.com/spreadsheets/d/1BsfQQcO9C6DZCsRaXUlFlo91Tg2WpOkGARC1WS5S8t0/edit?usp=sharing), generated with kicad-footprint-generator")
    (tags "capacitor handsolder")
    (path /58A4FD2F)
    (attr smd)
    (fp_text reference C5 (at 0 -1.65 90) (layer F.SilkS)
      (effects (font (size 1 1) (thickness 0.15)))
    )
    (fp_text value 100nF (at 0 1.65 90) (layer F.Fab)
      (effects (font (size 1 1) (thickness 0.15)))
    )
    (fp_line (start -1 0.6) (end -1 -0.6) (layer F.Fab) (width 0.1))
    (fp_line (start -1 -0.6) (end 1 -0.6) (layer F.Fab) (width 0.1))
    (fp_line (start 1 -0.6) (end 1 0.6) (layer F.Fab) (width 0.1))
    (fp_line (start 1 0.6) (end -1 0.6) (layer F.Fab) (width 0.1))
    (fp_line (start -0.261252 -0.71) (end 0.261252 -0.71) (layer F.SilkS) (width 0.12))
    (fp_line (start -0.261252 0.71) (end 0.261252 0.71) (layer F.SilkS) (width 0.12))
    (fp_line (start -1.85 0.95) (end -1.85 -0.95) (layer F.CrtYd) (width 0.05))
    (fp_line (start -1.85 -0.95) (end 1.85 -0.95) (layer F.CrtYd) (width 0.05))
    (fp_line (start 1.85 -0.95) (end 1.85 0.95) (layer F.CrtYd) (width 0.05))
    (fp_line (start 1.85 0.95) (end -1.85 0.95) (layer F.CrtYd) (width 0.05))
    (fp_text user %R (at 0 0 90) (layer F.Fab)
      (effects (font (size 0.5 0.5) (thickness 0.08)))
    )
    (pad 1 smd roundrect (at -1.025 0 90) (size 1.15 1.4) (layers F.Cu F.Paste F.Mask) (roundrect_rratio 0.217391)
      (net 2 GND))
    (pad 2 smd roundrect (at 1.025 0 90) (size 1.15 1.4) (layers F.Cu F.Paste F.Mask) (roundrect_rratio 0.217391)
      (net 6 +5V))
    (model ${KISYS3DMOD}/Capacitor_SMD.3dshapes/C_0805_2012Metric.wrl
      (at (xyz 0 0 0))
      (scale (xyz 1 1 1))
      (rotate (xyz 0 0 0))
    )
  )

  (module Capacitor_SMD:C_0805_2012Metric_Pad1.15x1.40mm_HandSolder (layer F.Cu) (tedit 5B36C52B) (tstamp 5DDFDA7A)
    (at 154.432 86.605 270)
    (descr "Capacitor SMD 0805 (2012 Metric), square (rectangular) end terminal, IPC_7351 nominal with elongated pad for handsoldering. (Body size source: https://docs.google.com/spreadsheets/d/1BsfQQcO9C6DZCsRaXUlFlo91Tg2WpOkGARC1WS5S8t0/edit?usp=sharing), generated with kicad-footprint-generator")
    (tags "capacitor handsolder")
    (path /58A4FDE1)
    (attr smd)
    (fp_text reference C6 (at 0 -1.65 90) (layer F.SilkS)
      (effects (font (size 1 1) (thickness 0.15)))
    )
    (fp_text value 100nF (at 0 1.65 90) (layer F.Fab)
      (effects (font (size 1 1) (thickness 0.15)))
    )
    (fp_text user %R (at 0 0 90) (layer F.Fab)
      (effects (font (size 0.5 0.5) (thickness 0.08)))
    )
    (fp_line (start 1.85 0.95) (end -1.85 0.95) (layer F.CrtYd) (width 0.05))
    (fp_line (start 1.85 -0.95) (end 1.85 0.95) (layer F.CrtYd) (width 0.05))
    (fp_line (start -1.85 -0.95) (end 1.85 -0.95) (layer F.CrtYd) (width 0.05))
    (fp_line (start -1.85 0.95) (end -1.85 -0.95) (layer F.CrtYd) (width 0.05))
    (fp_line (start -0.261252 0.71) (end 0.261252 0.71) (layer F.SilkS) (width 0.12))
    (fp_line (start -0.261252 -0.71) (end 0.261252 -0.71) (layer F.SilkS) (width 0.12))
    (fp_line (start 1 0.6) (end -1 0.6) (layer F.Fab) (width 0.1))
    (fp_line (start 1 -0.6) (end 1 0.6) (layer F.Fab) (width 0.1))
    (fp_line (start -1 -0.6) (end 1 -0.6) (layer F.Fab) (width 0.1))
    (fp_line (start -1 0.6) (end -1 -0.6) (layer F.Fab) (width 0.1))
    (pad 2 smd roundrect (at 1.025 0 270) (size 1.15 1.4) (layers F.Cu F.Paste F.Mask) (roundrect_rratio 0.217391)
      (net 6 +5V))
    (pad 1 smd roundrect (at -1.025 0 270) (size 1.15 1.4) (layers F.Cu F.Paste F.Mask) (roundrect_rratio 0.217391)
      (net 2 GND))
    (model ${KISYS3DMOD}/Capacitor_SMD.3dshapes/C_0805_2012Metric.wrl
      (at (xyz 0 0 0))
      (scale (xyz 1 1 1))
      (rotate (xyz 0 0 0))
    )
  )

  (module Capacitor_SMD:C_0805_2012Metric_Pad1.15x1.40mm_HandSolder (layer F.Cu) (tedit 5B36C52B) (tstamp 5DDFDB2B)
    (at 154.686 83.058)
    (descr "Capacitor SMD 0805 (2012 Metric), square (rectangular) end terminal, IPC_7351 nominal with elongated pad for handsoldering. (Body size source: https://docs.google.com/spreadsheets/d/1BsfQQcO9C6DZCsRaXUlFlo91Tg2WpOkGARC1WS5S8t0/edit?usp=sharing), generated with kicad-footprint-generator")
    (tags "capacitor handsolder")
    (path /58A4FE1E)
    (attr smd)
    (fp_text reference C7 (at 2.54 0) (layer F.SilkS)
      (effects (font (size 1 1) (thickness 0.15)))
    )
    (fp_text value 100nF (at 0 1.65) (layer F.Fab)
      (effects (font (size 1 1) (thickness 0.15)))
    )
    (fp_line (start -1 0.6) (end -1 -0.6) (layer F.Fab) (width 0.1))
    (fp_line (start -1 -0.6) (end 1 -0.6) (layer F.Fab) (width 0.1))
    (fp_line (start 1 -0.6) (end 1 0.6) (layer F.Fab) (width 0.1))
    (fp_line (start 1 0.6) (end -1 0.6) (layer F.Fab) (width 0.1))
    (fp_line (start -0.261252 -0.71) (end 0.261252 -0.71) (layer F.SilkS) (width 0.12))
    (fp_line (start -0.261252 0.71) (end 0.261252 0.71) (layer F.SilkS) (width 0.12))
    (fp_line (start -1.85 0.95) (end -1.85 -0.95) (layer F.CrtYd) (width 0.05))
    (fp_line (start -1.85 -0.95) (end 1.85 -0.95) (layer F.CrtYd) (width 0.05))
    (fp_line (start 1.85 -0.95) (end 1.85 0.95) (layer F.CrtYd) (width 0.05))
    (fp_line (start 1.85 0.95) (end -1.85 0.95) (layer F.CrtYd) (width 0.05))
    (fp_text user %R (at 0 0) (layer F.Fab)
      (effects (font (size 0.5 0.5) (thickness 0.08)))
    )
    (pad 1 smd roundrect (at -1.025 0) (size 1.15 1.4) (layers F.Cu F.Paste F.Mask) (roundrect_rratio 0.217391)
      (net 2 GND))
    (pad 2 smd roundrect (at 1.025 0) (size 1.15 1.4) (layers F.Cu F.Paste F.Mask) (roundrect_rratio 0.217391)
      (net 6 +5V))
    (model ${KISYS3DMOD}/Capacitor_SMD.3dshapes/C_0805_2012Metric.wrl
      (at (xyz 0 0 0))
      (scale (xyz 1 1 1))
      (rotate (xyz 0 0 0))
    )
  )

  (module Capacitor_SMD:C_0805_2012Metric_Pad1.15x1.40mm_HandSolder (layer B.Cu) (tedit 5B36C52B) (tstamp 5DDFDBD3)
    (at 141.224 78.994 270)
    (descr "Capacitor SMD 0805 (2012 Metric), square (rectangular) end terminal, IPC_7351 nominal with elongated pad for handsoldering. (Body size source: https://docs.google.com/spreadsheets/d/1BsfQQcO9C6DZCsRaXUlFlo91Tg2WpOkGARC1WS5S8t0/edit?usp=sharing), generated with kicad-footprint-generator")
    (tags "capacitor handsolder")
    (path /590F2458)
    (attr smd)
    (fp_text reference C8 (at 3.048 0 270) (layer B.SilkS)
      (effects (font (size 1 1) (thickness 0.15)) (justify mirror))
    )
    (fp_text value 100nF (at 0 -1.65 270) (layer B.Fab)
      (effects (font (size 1 1) (thickness 0.15)) (justify mirror))
    )
    (fp_text user %R (at 0 0 270) (layer B.Fab)
      (effects (font (size 0.5 0.5) (thickness 0.08)) (justify mirror))
    )
    (fp_line (start 1.85 -0.95) (end -1.85 -0.95) (layer B.CrtYd) (width 0.05))
    (fp_line (start 1.85 0.95) (end 1.85 -0.95) (layer B.CrtYd) (width 0.05))
    (fp_line (start -1.85 0.95) (end 1.85 0.95) (layer B.CrtYd) (width 0.05))
    (fp_line (start -1.85 -0.95) (end -1.85 0.95) (layer B.CrtYd) (width 0.05))
    (fp_line (start -0.261252 -0.71) (end 0.261252 -0.71) (layer B.SilkS) (width 0.12))
    (fp_line (start -0.261252 0.71) (end 0.261252 0.71) (layer B.SilkS) (width 0.12))
    (fp_line (start 1 -0.6) (end -1 -0.6) (layer B.Fab) (width 0.1))
    (fp_line (start 1 0.6) (end 1 -0.6) (layer B.Fab) (width 0.1))
    (fp_line (start -1 0.6) (end 1 0.6) (layer B.Fab) (width 0.1))
    (fp_line (start -1 -0.6) (end -1 0.6) (layer B.Fab) (width 0.1))
    (pad 2 smd roundrect (at 1.025 0 270) (size 1.15 1.4) (layers B.Cu B.Paste B.Mask) (roundrect_rratio 0.217391)
      (net 6 +5V))
    (pad 1 smd roundrect (at -1.025 0 270) (size 1.15 1.4) (layers B.Cu B.Paste B.Mask) (roundrect_rratio 0.217391)
      (net 2 GND))
    (model ${KISYS3DMOD}/Capacitor_SMD.3dshapes/C_0805_2012Metric.wrl
      (at (xyz 0 0 0))
      (scale (xyz 1 1 1))
      (rotate (xyz 0 0 0))
    )
  )

  (module Connector_PinHeader_2.54mm:PinHeader_1x02_P2.54mm_Vertical (layer F.Cu) (tedit 59FED5CC) (tstamp 5DDFDAF1)
    (at 145.034 72.136 90)
    (descr "Through hole straight pin header, 1x02, 2.54mm pitch, single row")
    (tags "Through hole pin header THT 1x02 2.54mm single row")
    (path /590EDB7E)
    (fp_text reference J2 (at 0 -2.33 90) (layer F.SilkS)
      (effects (font (size 1 1) (thickness 0.15)))
    )
    (fp_text value Slow/Fast (at 0 4.87 90) (layer F.Fab)
      (effects (font (size 1 1) (thickness 0.15)))
    )
    (fp_line (start -0.635 -1.27) (end 1.27 -1.27) (layer F.Fab) (width 0.1))
    (fp_line (start 1.27 -1.27) (end 1.27 3.81) (layer F.Fab) (width 0.1))
    (fp_line (start 1.27 3.81) (end -1.27 3.81) (layer F.Fab) (width 0.1))
    (fp_line (start -1.27 3.81) (end -1.27 -0.635) (layer F.Fab) (width 0.1))
    (fp_line (start -1.27 -0.635) (end -0.635 -1.27) (layer F.Fab) (width 0.1))
    (fp_line (start -1.33 3.87) (end 1.33 3.87) (layer F.SilkS) (width 0.12))
    (fp_line (start -1.33 1.27) (end -1.33 3.87) (layer F.SilkS) (width 0.12))
    (fp_line (start 1.33 1.27) (end 1.33 3.87) (layer F.SilkS) (width 0.12))
    (fp_line (start -1.33 1.27) (end 1.33 1.27) (layer F.SilkS) (width 0.12))
    (fp_line (start -1.33 0) (end -1.33 -1.33) (layer F.SilkS) (width 0.12))
    (fp_line (start -1.33 -1.33) (end 0 -1.33) (layer F.SilkS) (width 0.12))
    (fp_line (start -1.8 -1.8) (end -1.8 4.35) (layer F.CrtYd) (width 0.05))
    (fp_line (start -1.8 4.35) (end 1.8 4.35) (layer F.CrtYd) (width 0.05))
    (fp_line (start 1.8 4.35) (end 1.8 -1.8) (layer F.CrtYd) (width 0.05))
    (fp_line (start 1.8 -1.8) (end -1.8 -1.8) (layer F.CrtYd) (width 0.05))
    (fp_text user %R (at 0 1.27) (layer F.Fab)
      (effects (font (size 1 1) (thickness 0.15)))
    )
    (pad 1 thru_hole rect (at 0 0 90) (size 1.7 1.7) (drill 1) (layers *.Cu *.Mask)
      (net 45 "Net-(IC1-Pad47)"))
    (pad 2 thru_hole oval (at 0 2.54 90) (size 1.7 1.7) (drill 1) (layers *.Cu *.Mask)
      (net 2 GND))
    (model ${KISYS3DMOD}/Connector_PinHeader_2.54mm.3dshapes/PinHeader_1x02_P2.54mm_Vertical.wrl
      (at (xyz 0 0 0))
      (scale (xyz 1 1 1))
      (rotate (xyz 0 0 0))
    )
  )

  (module Connector_Dsub:DSUB-9_Female_EdgeMount_P2.77mm (layer F.Cu) (tedit 59FEDEE2) (tstamp 5DC49B66)
    (at 138 79 270)
    (descr "9-pin D-Sub connector, solder-cups edge-mounted, female, x-pin-pitch 2.77mm, distance of mounting holes 25mm, see https://disti-assets.s3.amazonaws.com/tonar/files/datasheets/16730.pdf")
    (tags "9-pin D-Sub connector edge mount solder cup female x-pin-pitch 2.77mm mounting holes distance 25mm")
    (path /5DC17415)
    (attr smd)
    (fp_text reference J3 (at -0.006 -2.97 270) (layer F.SilkS)
      (effects (font (size 1 1) (thickness 0.15)))
    )
    (fp_text value DB9_Female (at 0 16.86 90) (layer F.Fab)
      (effects (font (size 1 1) (thickness 0.15)))
    )
    (fp_line (start 4.94 -0.91) (end 4.94 1.99) (layer F.Fab) (width 0.1))
    (fp_line (start 4.94 1.99) (end 6.14 1.99) (layer F.Fab) (width 0.1))
    (fp_line (start 6.14 1.99) (end 6.14 -0.91) (layer F.Fab) (width 0.1))
    (fp_line (start 6.14 -0.91) (end 4.94 -0.91) (layer F.Fab) (width 0.1))
    (fp_line (start 2.17 -0.91) (end 2.17 1.99) (layer F.Fab) (width 0.1))
    (fp_line (start 2.17 1.99) (end 3.37 1.99) (layer F.Fab) (width 0.1))
    (fp_line (start 3.37 1.99) (end 3.37 -0.91) (layer F.Fab) (width 0.1))
    (fp_line (start 3.37 -0.91) (end 2.17 -0.91) (layer F.Fab) (width 0.1))
    (fp_line (start -0.6 -0.91) (end -0.6 1.99) (layer F.Fab) (width 0.1))
    (fp_line (start -0.6 1.99) (end 0.6 1.99) (layer F.Fab) (width 0.1))
    (fp_line (start 0.6 1.99) (end 0.6 -0.91) (layer F.Fab) (width 0.1))
    (fp_line (start 0.6 -0.91) (end -0.6 -0.91) (layer F.Fab) (width 0.1))
    (fp_line (start -3.37 -0.91) (end -3.37 1.99) (layer F.Fab) (width 0.1))
    (fp_line (start -3.37 1.99) (end -2.17 1.99) (layer F.Fab) (width 0.1))
    (fp_line (start -2.17 1.99) (end -2.17 -0.91) (layer F.Fab) (width 0.1))
    (fp_line (start -2.17 -0.91) (end -3.37 -0.91) (layer F.Fab) (width 0.1))
    (fp_line (start -6.14 -0.91) (end -6.14 1.99) (layer F.Fab) (width 0.1))
    (fp_line (start -6.14 1.99) (end -4.94 1.99) (layer F.Fab) (width 0.1))
    (fp_line (start -4.94 1.99) (end -4.94 -0.91) (layer F.Fab) (width 0.1))
    (fp_line (start -4.94 -0.91) (end -6.14 -0.91) (layer F.Fab) (width 0.1))
    (fp_line (start 3.555 -0.91) (end 3.555 1.99) (layer B.Fab) (width 0.1))
    (fp_line (start 3.555 1.99) (end 4.755 1.99) (layer B.Fab) (width 0.1))
    (fp_line (start 4.755 1.99) (end 4.755 -0.91) (layer B.Fab) (width 0.1))
    (fp_line (start 4.755 -0.91) (end 3.555 -0.91) (layer B.Fab) (width 0.1))
    (fp_line (start 0.785 -0.91) (end 0.785 1.99) (layer B.Fab) (width 0.1))
    (fp_line (start 0.785 1.99) (end 1.985 1.99) (layer B.Fab) (width 0.1))
    (fp_line (start 1.985 1.99) (end 1.985 -0.91) (layer B.Fab) (width 0.1))
    (fp_line (start 1.985 -0.91) (end 0.785 -0.91) (layer B.Fab) (width 0.1))
    (fp_line (start -1.985 -0.91) (end -1.985 1.99) (layer B.Fab) (width 0.1))
    (fp_line (start -1.985 1.99) (end -0.785 1.99) (layer B.Fab) (width 0.1))
    (fp_line (start -0.785 1.99) (end -0.785 -0.91) (layer B.Fab) (width 0.1))
    (fp_line (start -0.785 -0.91) (end -1.985 -0.91) (layer B.Fab) (width 0.1))
    (fp_line (start -4.755 -0.91) (end -4.755 1.99) (layer B.Fab) (width 0.1))
    (fp_line (start -4.755 1.99) (end -3.555 1.99) (layer B.Fab) (width 0.1))
    (fp_line (start -3.555 1.99) (end -3.555 -0.91) (layer B.Fab) (width 0.1))
